6,5,25~6,8,25
6,6,213~8,6,213
5,4,84~5,6,84
8,1,119~8,1,122
6,2,4~6,5,4
5,2,66~5,4,66
5,3,215~6,3,215
6,3,10~6,5,10
2,2,348~4,2,348
4,0,54~7,0,54
7,4,98~9,4,98
7,4,62~7,6,62
6,2,238~9,2,238
2,5,10~5,5,10
5,1,180~5,1,181
6,1,258~8,1,258
4,8,226~6,8,226
0,3,176~2,3,176
7,4,346~9,4,346
0,5,82~0,5,84
2,3,162~2,4,162
8,1,202~8,1,204
1,6,229~1,9,229
8,3,216~8,4,216
4,4,71~4,6,71
3,5,285~5,5,285
5,5,95~5,7,95
3,5,345~5,5,345
3,2,81~3,5,81
2,7,229~2,9,229
7,1,160~9,1,160
5,8,215~5,8,216
4,0,144~4,1,144
1,8,78~2,8,78
8,1,281~8,4,281
7,2,295~7,2,298
6,3,171~8,3,171
4,3,178~4,4,178
3,5,296~3,7,296
3,4,176~6,4,176
6,6,196~8,6,196
0,3,199~0,4,199
9,1,345~9,5,345
9,4,263~9,7,263
7,2,235~7,3,235
5,8,111~7,8,111
5,6,300~5,6,301
3,7,32~3,9,32
9,5,133~9,8,133
3,4,128~3,6,128
4,0,121~4,3,121
1,2,116~1,5,116
1,0,33~3,0,33
6,2,338~8,2,338
7,6,169~7,8,169
5,1,287~5,2,287
8,4,30~8,5,30
3,3,188~3,5,188
7,2,344~7,2,345
6,2,336~8,2,336
1,2,233~1,4,233
5,3,159~5,5,159
9,8,209~9,8,209
9,5,70~9,5,72
5,2,292~5,3,292
6,0,206~9,0,206
1,3,351~4,3,351
7,8,35~9,8,35
4,5,85~6,5,85
5,7,186~5,9,186
0,2,91~1,2,91
6,7,81~8,7,81
7,9,238~9,9,238
2,3,45~2,3,47
4,8,329~7,8,329
8,7,270~8,9,270
5,1,304~7,1,304
3,2,281~3,4,281
2,5,153~4,5,153
2,6,209~2,8,209
8,2,339~8,4,339
7,5,339~7,7,339
9,1,106~9,3,106
3,2,246~6,2,246
2,4,337~3,4,337
3,9,349~4,9,349
6,3,334~6,3,336
4,9,110~7,9,110
1,2,235~1,4,235
2,8,171~2,9,171
8,5,257~8,5,259
6,0,95~8,0,95
9,2,47~9,5,47
5,4,258~8,4,258
7,5,104~7,7,104
2,6,340~4,6,340
1,0,10~4,0,10
5,0,339~5,2,339
9,5,14~9,7,14
0,4,113~1,4,113
4,4,61~4,6,61
7,1,231~7,4,231
7,4,318~7,4,321
0,8,38~0,8,41
2,3,137~2,3,137
7,5,200~7,6,200
4,4,332~4,8,332
0,3,244~0,5,244
5,6,342~5,8,342
3,6,126~3,9,126
9,0,158~9,2,158
8,4,147~8,6,147
1,6,44~3,6,44
2,6,38~2,8,38
5,8,183~5,9,183
5,6,50~5,7,50
1,2,22~2,2,22
0,0,67~0,3,67
6,2,89~6,4,89
2,5,178~2,8,178
2,0,245~2,1,245
3,3,205~3,5,205
4,4,13~4,4,14
9,9,256~9,9,257
2,8,40~2,8,42
8,1,201~8,5,201
9,6,82~9,8,82
8,0,40~9,0,40
8,2,45~8,3,45
1,3,180~1,3,180
0,9,65~2,9,65
4,4,78~4,5,78
3,1,103~3,4,103
8,1,313~8,2,313
7,0,293~7,2,293
4,1,343~4,3,343
0,7,34~0,9,34
5,3,119~7,3,119
3,1,73~3,3,73
2,0,271~2,0,271
6,3,231~6,4,231
3,7,123~5,7,123
2,2,249~3,2,249
6,7,41~6,7,41
0,9,63~2,9,63
4,5,140~7,5,140
2,8,304~5,8,304
0,4,103~2,4,103
8,5,345~8,6,345
8,0,23~8,1,23
4,5,84~4,7,84
1,0,214~1,1,214
6,3,277~6,4,277
2,6,211~5,6,211
7,7,227~8,7,227
3,8,61~6,8,61
4,0,335~4,3,335
4,4,225~4,5,225
2,4,194~2,6,194
7,0,5~7,1,5
5,0,278~5,0,279
7,5,336~9,5,336
5,0,243~5,4,243
1,0,307~1,1,307
2,8,187~5,8,187
7,5,177~9,5,177
5,4,313~8,4,313
7,1,97~7,4,97
1,3,152~1,5,152
5,3,99~8,3,99
6,9,190~9,9,190
1,4,72~1,4,75
8,6,267~8,8,267
7,5,303~7,8,303
3,5,283~3,7,283
1,9,298~1,9,299
7,7,98~8,7,98
3,4,348~3,5,348
1,2,252~3,2,252
4,3,346~6,3,346
0,3,189~3,3,189
4,7,124~4,7,126
7,0,55~9,0,55
3,7,34~5,7,34
2,2,76~2,4,76
4,8,29~4,8,31
4,4,294~6,4,294
4,1,247~6,1,247
3,6,136~3,8,136
0,6,7~0,6,9
4,4,106~4,4,107
6,2,291~6,3,291
2,4,358~5,4,358
8,9,112~8,9,114
1,7,203~1,8,203
1,4,237~1,5,237
7,2,178~8,2,178
2,7,143~2,8,143
1,0,15~3,0,15
0,0,145~0,2,145
4,0,262~4,2,262
5,4,303~5,7,303
4,8,223~4,8,225
4,3,247~4,5,247
2,3,329~2,5,329
4,1,108~7,1,108
4,8,222~6,8,222
4,6,260~6,6,260
6,9,118~7,9,118
3,2,56~5,2,56
0,1,198~0,1,200
3,2,259~5,2,259
1,0,122~3,0,122
6,0,178~6,2,178
5,8,62~6,8,62
6,3,20~6,5,20
0,3,91~0,4,91
0,4,332~2,4,332
6,2,103~9,2,103
0,7,216~2,7,216
1,2,69~1,5,69
2,3,30~4,3,30
4,4,270~7,4,270
9,5,307~9,7,307
5,8,57~6,8,57
0,8,79~1,8,79
2,3,332~4,3,332
2,5,72~5,5,72
5,9,311~7,9,311
5,1,93~5,3,93
6,2,47~6,4,47
0,3,223~1,3,223
7,5,262~9,5,262
9,0,66~9,2,66
5,4,254~6,4,254
1,8,278~3,8,278
4,0,241~4,2,241
1,8,317~2,8,317
3,2,261~3,5,261
6,6,108~7,6,108
8,4,76~8,6,76
4,3,254~4,5,254
7,1,342~9,1,342
7,0,180~7,2,180
6,5,237~8,5,237
3,3,137~3,5,137
7,2,30~8,2,30
1,5,219~1,6,219
2,9,176~2,9,176
8,4,211~8,6,211
0,9,179~2,9,179
0,1,66~2,1,66
7,8,32~9,8,32
2,0,266~2,2,266
5,6,110~8,6,110
7,8,37~8,8,37
5,2,268~5,4,268
3,7,223~3,9,223
9,1,50~9,3,50
6,3,29~6,3,30
0,9,270~2,9,270
5,7,338~5,9,338
6,0,12~9,0,12
2,0,121~2,2,121
7,1,154~7,4,154
6,8,170~7,8,170
8,4,153~8,7,153
4,7,310~4,9,310
0,5,162~3,5,162
0,7,305~2,7,305
4,4,311~4,5,311
1,6,27~4,6,27
3,2,131~3,5,131
6,4,69~8,4,69
2,9,1~2,9,2
0,3,42~2,3,42
9,2,155~9,5,155
4,7,314~4,9,314
7,1,326~7,3,326
1,9,236~3,9,236
4,4,224~6,4,224
0,6,264~0,8,264
8,0,24~9,0,24
0,1,248~0,4,248
1,4,325~1,4,326
4,3,99~4,5,99
6,6,239~8,6,239
1,0,249~3,0,249
8,2,283~9,2,283
7,0,266~7,1,266
4,0,53~4,1,53
7,4,95~7,6,95
3,1,174~3,3,174
8,5,265~8,7,265
3,3,248~3,5,248
3,5,120~3,7,120
2,5,292~2,7,292
2,2,142~3,2,142
5,9,332~6,9,332
4,4,283~4,6,283
1,2,139~4,2,139
3,2,14~5,2,14
8,0,261~8,1,261
3,2,211~5,2,211
4,4,68~6,4,68
4,0,15~4,0,17
3,7,139~3,8,139
3,4,288~3,6,288
1,9,228~3,9,228
5,1,235~5,3,235
2,8,63~3,8,63
3,7,3~3,9,3
8,4,227~8,6,227
3,4,117~3,6,117
4,4,126~6,4,126
0,2,200~0,4,200
4,1,245~5,1,245
3,8,301~7,8,301
5,2,112~7,2,112
3,6,3~5,6,3
3,5,182~6,5,182
5,8,341~5,8,341
4,4,149~4,6,149
3,6,197~3,9,197
5,2,113~5,3,113
3,7,2~5,7,2
7,1,341~7,3,341
0,0,96~0,0,99
8,4,68~8,7,68
4,7,348~4,9,348
0,5,155~2,5,155
5,3,120~5,4,120
3,4,211~3,4,212
4,4,66~4,6,66
6,8,348~6,9,348
3,1,15~3,3,15
0,5,35~2,5,35
1,3,303~1,6,303
0,0,212~3,0,212
5,5,77~6,5,77
8,1,116~9,1,116
3,4,342~4,4,342
1,1,119~1,3,119
6,1,272~8,1,272
5,5,207~5,7,207
4,5,13~4,5,16
1,4,149~2,4,149
3,4,66~3,5,66
4,2,7~7,2,7
4,8,307~6,8,307
5,3,71~5,3,73
0,7,176~0,9,176
0,2,336~0,5,336
4,6,102~5,6,102
2,7,312~4,7,312
5,0,131~6,0,131
0,3,287~3,3,287
3,1,92~4,1,92
3,5,125~5,5,125
6,0,174~6,1,174
9,2,260~9,3,260
9,2,336~9,4,336
1,0,267~3,0,267
7,1,328~7,1,331
2,5,142~2,8,142
7,6,246~9,6,246
6,8,92~7,8,92
8,3,328~8,6,328
8,0,39~8,4,39
0,9,169~3,9,169
4,2,142~4,4,142
2,7,289~4,7,289
7,8,312~9,8,312
8,4,178~8,7,178
1,9,175~2,9,175
7,2,339~7,4,339
5,6,319~8,6,319
6,7,106~8,7,106
7,0,40~7,4,40
3,8,129~4,8,129
1,2,26~4,2,26
4,0,217~4,1,217
2,7,40~5,7,40
7,2,262~9,2,262
8,2,255~8,5,255
8,0,131~8,3,131
6,4,23~7,4,23
9,6,159~9,9,159
2,4,67~4,4,67
6,7,224~9,7,224
0,4,127~1,4,127
7,3,59~7,5,59
5,1,299~5,3,299
9,3,212~9,5,212
2,0,5~2,3,5
7,1,156~9,1,156
3,8,275~4,8,275
8,0,297~9,0,297
7,6,344~8,6,344
9,6,225~9,7,225
8,9,109~8,9,111
7,8,28~9,8,28
9,5,265~9,7,265
2,4,147~5,4,147
0,6,215~3,6,215
5,4,79~5,5,79
6,0,322~9,0,322
4,2,242~4,3,242
3,5,59~5,5,59
0,7,268~1,7,268
4,4,276~7,4,276
4,8,47~4,9,47
9,7,17~9,8,17
7,7,97~9,7,97
3,0,204~5,0,204
3,5,79~3,7,79
3,2,223~3,4,223
5,7,126~5,9,126
4,3,67~5,3,67
9,6,150~9,8,150
3,5,289~3,6,289
4,8,294~6,8,294
0,6,259~0,6,261
4,0,93~5,0,93
9,6,249~9,7,249
1,4,182~3,4,182
6,4,119~6,4,120
6,9,150~8,9,150
6,8,311~7,8,311
1,8,77~2,8,77
9,6,206~9,8,206
5,2,58~5,3,58
5,7,209~7,7,209
3,0,27~3,0,29
5,0,112~9,0,112
6,2,206~6,2,208
0,1,114~0,4,114
6,7,3~6,7,5
4,4,46~4,6,46
4,1,56~8,1,56
3,1,9~6,1,9
0,8,198~0,8,198
4,4,308~7,4,308
2,5,108~2,5,110
2,8,261~3,8,261
6,4,15~6,6,15
6,4,105~6,4,106
2,2,165~2,4,165
2,1,184~2,4,184
1,4,191~3,4,191
7,6,94~7,9,94
7,6,72~9,6,72
3,3,142~3,5,142
6,2,161~6,5,161
0,9,272~1,9,272
5,1,47~5,3,47
1,6,216~2,6,216
0,1,2~3,1,2
9,5,264~9,8,264
7,9,27~9,9,27
3,4,333~3,7,333
9,9,258~9,9,259
0,6,263~2,6,263
2,7,81~2,7,81
9,4,268~9,7,268
8,0,113~8,1,113
1,9,38~3,9,38
7,8,256~8,8,256
7,7,107~9,7,107
8,3,13~8,5,13
3,1,325~3,3,325
6,8,33~9,8,33
3,5,200~6,5,200
0,7,128~0,7,130
0,9,170~0,9,170
2,7,80~2,8,80
2,0,214~4,0,214
6,7,195~6,7,196
5,5,127~7,5,127
7,0,52~9,0,52
9,6,102~9,7,102
1,1,177~1,3,177
3,4,215~5,4,215
2,4,63~5,4,63
0,4,304~0,6,304
6,0,197~6,2,197
7,4,128~7,7,128
9,3,41~9,5,41
8,0,316~8,1,316
2,1,295~2,4,295
0,5,68~3,5,68
5,5,306~6,5,306
3,5,313~3,7,313
1,9,233~4,9,233
5,4,279~5,4,281
0,1,23~0,1,26
1,4,124~1,6,124
2,3,340~2,4,340
3,7,303~4,7,303
3,4,241~3,7,241
1,1,300~3,1,300
2,5,290~2,9,290
1,4,335~2,4,335
8,1,16~8,3,16
4,6,152~6,6,152
2,6,199~2,6,201
2,2,238~4,2,238
3,0,329~3,3,329
3,0,90~3,3,90
8,3,258~9,3,258
4,2,155~4,4,155
5,7,36~8,7,36
7,8,213~9,8,213
3,7,47~5,7,47
0,6,256~4,6,256
0,1,246~0,4,246
6,4,177~7,4,177
4,2,82~4,4,82
5,1,50~5,1,52
1,2,350~1,5,350
3,9,171~4,9,171
6,6,216~8,6,216
4,7,93~6,7,93
6,4,238~6,6,238
0,3,220~3,3,220
6,7,72~6,9,72
1,6,162~3,6,162
6,5,193~6,8,193
0,9,180~2,9,180
3,4,210~3,6,210
5,3,122~5,4,122
5,7,51~7,7,51
2,6,203~2,6,204
0,8,230~3,8,230
3,0,24~3,2,24
8,5,230~8,5,231
6,4,122~6,4,124
3,2,291~5,2,291
6,6,102~6,8,102
0,8,343~3,8,343
8,3,283~8,5,283
0,0,228~0,2,228
2,2,80~2,5,80
2,0,12~5,0,12
3,6,300~4,6,300
2,3,39~2,4,39
0,4,294~2,4,294
4,5,333~4,7,333
0,3,302~2,3,302
3,7,94~3,7,97
5,2,213~7,2,213
3,3,146~3,4,146
5,4,317~5,6,317
4,3,240~4,6,240
1,7,185~4,7,185
9,2,215~9,5,215
5,1,216~7,1,216
5,4,162~5,5,162
5,0,214~5,2,214
4,6,266~4,9,266
7,0,157~7,2,157
2,5,47~2,8,47
0,4,34~3,4,34
7,3,278~9,3,278
7,7,76~9,7,76
4,2,319~4,3,319
8,6,303~8,9,303
6,2,318~6,4,318
4,3,65~4,4,65
0,4,307~0,6,307
5,3,275~7,3,275
1,0,327~3,0,327
0,9,168~1,9,168
8,1,134~8,3,134
9,1,33~9,1,35
1,8,30~2,8,30
0,7,66~3,7,66
7,1,261~7,1,263
0,1,92~0,3,92
3,1,346~4,1,346
4,3,10~5,3,10
3,6,32~5,6,32
1,0,11~1,1,11
7,4,172~7,6,172
0,7,135~0,7,137
2,0,8~4,0,8
2,2,72~4,2,72
3,1,210~6,1,210
6,7,304~6,9,304
3,2,229~3,3,229
8,0,106~8,2,106
6,6,26~8,6,26
4,5,335~4,5,336
4,2,98~4,4,98
0,2,167~2,2,167
1,2,241~1,4,241
6,9,306~7,9,306
0,4,194~0,6,194
4,6,286~4,7,286
9,2,287~9,3,287
5,6,322~7,6,322
1,6,1~1,8,1
2,0,56~5,0,56
2,5,214~2,8,214
5,5,290~5,7,290
6,5,262~6,7,262
7,0,273~9,0,273
3,3,8~5,3,8
2,7,300~4,7,300
8,5,347~8,6,347
1,2,29~3,2,29
3,8,269~6,8,269
7,5,19~9,5,19
0,3,299~0,5,299
0,9,173~2,9,173
2,5,280~4,5,280
3,6,258~5,6,258
4,6,67~4,6,69
6,0,162~8,0,162
1,6,259~4,6,259
5,5,120~7,5,120
0,6,113~4,6,113
7,5,306~7,6,306
7,0,160~8,0,160
0,3,174~2,3,174
0,2,323~0,5,323
6,5,297~6,8,297
3,3,31~3,3,32
6,3,324~6,3,326
3,6,316~3,7,316
7,9,163~7,9,163
4,0,280~6,0,280
1,4,130~1,5,130
1,7,174~1,9,174
6,5,328~6,8,328
7,7,268~7,9,268
6,2,203~8,2,203
1,3,159~4,3,159
3,1,265~5,1,265
5,9,34~7,9,34
0,8,35~0,8,37
5,3,219~8,3,219
5,3,229~5,5,229
6,5,202~6,8,202
3,4,148~3,4,150
9,6,55~9,8,55
4,6,326~8,6,326
6,9,75~8,9,75
3,1,257~6,1,257
5,0,117~8,0,117
4,6,167~7,6,167
1,4,29~1,6,29
8,0,16~9,0,16
8,4,41~8,4,42
6,0,109~6,2,109
6,7,108~6,8,108
7,3,279~7,3,282
4,6,177~7,6,177
4,4,297~5,4,297
0,9,60~2,9,60
5,2,175~7,2,175
8,8,336~8,9,336
1,7,133~3,7,133
4,7,182~5,7,182
2,8,212~5,8,212
4,4,340~6,4,340
5,2,247~8,2,247
6,5,163~6,7,163
8,0,64~8,3,64
4,8,164~6,8,164
1,9,130~3,9,130
4,8,347~6,8,347
3,1,21~3,2,21
4,0,208~4,1,208
4,2,12~4,4,12
2,5,198~5,5,198
7,1,114~7,3,114
2,5,240~3,5,240
0,4,220~2,4,220
4,3,274~6,3,274
6,1,67~8,1,67
7,2,335~9,2,335
1,2,255~2,2,255
3,6,254~3,8,254
6,6,291~6,8,291
0,1,179~1,1,179
1,3,259~3,3,259
3,8,218~6,8,218
4,8,261~4,8,263
8,6,17~9,6,17
1,7,341~1,9,341
6,9,275~8,9,275
2,7,342~2,9,342
7,2,353~8,2,353
4,8,2~6,8,2
6,0,21~6,1,21
0,2,227~3,2,227
0,3,170~2,3,170
3,0,146~5,0,146
3,2,95~5,2,95
2,0,345~3,0,345
4,2,69~6,2,69
4,5,103~6,5,103
4,3,244~4,7,244
8,5,331~8,5,334
7,2,50~7,3,50
4,6,41~4,9,41
9,1,68~9,3,68
0,4,324~3,4,324
4,3,154~4,5,154
1,3,317~4,3,317
2,4,284~2,5,284
9,7,3~9,7,5
7,0,133~7,1,133
1,0,171~4,0,171
9,1,64~9,3,64
7,4,209~9,4,209
4,0,72~7,0,72
3,2,330~3,3,330
7,7,349~9,7,349
6,0,71~8,0,71
5,3,80~5,5,80
5,0,2~5,0,2
6,7,61~7,7,61
6,3,38~8,3,38
3,2,275~3,5,275
1,1,264~4,1,264
7,0,319~7,0,319
3,9,305~6,9,305
9,0,319~9,3,319
8,6,31~8,8,31
6,5,221~8,5,221
4,1,126~7,1,126
9,0,240~9,0,243
5,9,241~8,9,241
6,7,101~7,7,101
5,0,268~9,0,268
4,6,171~4,6,173
8,3,14~9,3,14
3,6,87~4,6,87
2,4,84~2,5,84
5,9,273~6,9,273
3,1,71~5,1,71
1,5,126~1,8,126
1,0,330~3,0,330
8,5,74~8,7,74
3,8,141~5,8,141
4,5,100~4,6,100
3,2,319~3,3,319
2,6,115~4,6,115
1,5,265~1,8,265
3,5,139~6,5,139
8,3,284~8,3,285
2,1,118~4,1,118
9,3,320~9,5,320
6,4,34~6,6,34
6,8,87~9,8,87
4,3,248~5,3,248
5,0,14~6,0,14
4,1,141~6,1,141
2,2,135~2,2,137
2,5,255~2,7,255
8,2,347~8,4,347
0,0,117~0,1,117
4,1,284~6,1,284
3,7,167~6,7,167
5,9,160~8,9,160
2,5,233~4,5,233
8,5,341~8,7,341
5,6,172~6,6,172
8,3,242~8,6,242
0,5,81~2,5,81
3,1,209~3,4,209
4,6,24~4,6,25
6,6,173~6,7,173
1,5,165~3,5,165
3,4,60~3,5,60
7,7,54~7,7,56
0,6,2~0,6,5
4,5,265~6,5,265
7,6,59~7,6,61
5,1,43~7,1,43
5,1,165~5,3,165
2,5,302~2,7,302
1,2,108~1,5,108
0,1,197~0,4,197
5,8,59~6,8,59
9,0,239~9,3,239
2,8,170~4,8,170
2,3,243~2,6,243
2,5,331~4,5,331
6,9,106~8,9,106
6,1,120~6,2,120
1,3,136~3,3,136
7,2,52~9,2,52
1,2,197~1,4,197
9,5,31~9,5,32
6,1,123~6,3,123
9,8,100~9,9,100
3,9,307~5,9,307
4,3,271~5,3,271
4,5,32~7,5,32
2,0,126~4,0,126
6,2,169~8,2,169
2,5,18~2,5,22
2,0,291~2,4,291
2,3,210~4,3,210
3,2,206~5,2,206
5,1,8~7,1,8
7,8,237~8,8,237
9,7,90~9,7,92
4,6,20~4,9,20
4,7,288~7,7,288
6,1,173~8,1,173
1,4,273~4,4,273
6,8,99~8,8,99
0,6,74~2,6,74
8,7,236~8,9,236
9,9,1~9,9,4
6,1,349~7,1,349
2,4,36~3,4,36
4,4,15~5,4,15
5,5,197~7,5,197
0,2,169~1,2,169
3,2,331~3,3,331
0,6,257~0,7,257
7,5,97~9,5,97
1,3,32~1,6,32
5,7,265~5,8,265
4,6,180~4,6,183
4,4,181~4,5,181
3,7,335~3,9,335
4,5,152~6,5,152
1,8,35~1,9,35
3,8,76~5,8,76
6,6,161~6,8,161
3,7,140~4,7,140
7,7,293~8,7,293
1,3,133~1,4,133
3,3,49~6,3,49
0,3,254~0,5,254
2,5,248~2,6,248
4,4,151~7,4,151
9,4,35~9,5,35
3,2,255~5,2,255
8,8,351~9,8,351
5,1,250~7,1,250
3,7,85~4,7,85
6,9,97~8,9,97
2,2,107~4,2,107
2,1,81~4,1,81
4,8,182~6,8,182
7,2,10~9,2,10
1,9,181~2,9,181
3,2,302~6,2,302
9,8,266~9,8,266
7,5,271~7,8,271
2,9,337~4,9,337
3,3,278~3,4,278
6,8,333~9,8,333
5,9,253~8,9,253
6,4,222~6,7,222
3,7,98~3,9,98
1,2,88~1,2,89
6,1,200~9,1,200
0,4,354~0,6,354
0,2,88~0,4,88
5,5,214~5,7,214
4,2,5~7,2,5
1,4,308~1,7,308
7,3,324~7,4,324
7,1,208~9,1,208
1,9,128~3,9,128
5,5,230~5,7,230
2,6,237~4,6,237
9,6,135~9,8,135
2,9,53~4,9,53
6,7,23~8,7,23
1,2,349~1,4,349
4,6,179~4,9,179
8,9,162~8,9,164
2,1,349~5,1,349
4,8,271~4,8,272
2,0,170~2,2,170
0,0,332~2,0,332
5,1,345~5,3,345
7,7,26~7,9,26
6,9,267~8,9,267
0,1,295~0,4,295
7,4,279~7,5,279
0,1,20~0,2,20
0,6,77~0,6,79
1,1,305~1,3,305
9,7,99~9,9,99
1,2,138~5,2,138
6,1,105~6,1,107
6,6,264~6,9,264
1,8,328~3,8,328
8,9,152~9,9,152
4,0,220~5,0,220
9,6,89~9,9,89
1,2,300~1,4,300
5,3,311~5,4,311
9,6,350~9,8,350
3,5,123~3,6,123
6,1,339~6,3,339
2,1,75~2,3,75
6,6,54~6,8,54
5,7,345~5,8,345
8,5,277~8,8,277
2,2,235~2,4,235
6,3,307~9,3,307
2,1,344~2,2,344
1,6,154~4,6,154
2,5,249~2,7,249
6,7,39~6,7,40
7,7,245~9,7,245
6,7,310~6,7,312
0,2,17~3,2,17
8,7,344~8,8,344
1,2,147~1,3,147
5,0,272~5,2,272
6,7,248~8,7,248
4,0,73~5,0,73
5,1,19~6,1,19
1,6,322~1,8,322
6,7,234~8,7,234
7,1,118~7,1,118
0,8,320~2,8,320
7,0,114~7,0,116
2,6,72~4,6,72
7,9,116~9,9,116
2,7,315~2,8,315
3,3,145~3,5,145
0,3,171~0,4,171
1,7,323~1,8,323
9,4,272~9,6,272
4,3,52~4,5,52
2,5,106~2,8,106
2,3,304~3,3,304
2,8,26~5,8,26
3,5,353~6,5,353
3,3,51~3,5,51
6,3,232~8,3,232
6,1,104~8,1,104
8,8,156~9,8,156
0,0,293~3,0,293
8,4,349~8,4,349
4,3,163~7,3,163
1,4,243~1,4,246
2,9,297~2,9,300
7,9,157~9,9,157
9,7,84~9,9,84
6,6,157~7,6,157
1,4,110~1,5,110
0,4,241~0,6,241
2,5,146~2,5,148
9,5,101~9,7,101
3,0,91~6,0,91
6,2,118~6,5,118
9,7,156~9,7,158
7,4,351~7,7,351
5,9,188~6,9,188
1,0,208~1,0,209
4,5,338~4,6,338
6,3,52~6,5,52
5,3,44~7,3,44
2,3,105~2,5,105
9,5,146~9,7,146
1,2,179~1,4,179
5,8,172~7,8,172
1,3,52~3,3,52
6,6,249~6,8,249
0,2,240~2,2,240
1,7,41~3,7,41
2,7,279~2,9,279
2,9,271~5,9,271
7,7,108~7,9,108
7,1,46~9,1,46
6,6,68~6,7,68
4,9,301~5,9,301
7,7,291~9,7,291
9,5,270~9,7,270
7,0,317~9,0,317
0,9,293~2,9,293
0,2,85~4,2,85
7,1,116~7,3,116
6,0,8~8,0,8
6,7,104~6,9,104
3,5,293~4,5,293
4,3,219~4,3,219
7,6,301~8,6,301
4,3,314~4,5,314
6,6,105~8,6,105
2,7,252~4,7,252
2,1,244~2,3,244
2,8,257~3,8,257
4,4,350~4,8,350
5,0,115~6,0,115
2,5,245~4,5,245
5,3,53~5,6,53
0,0,249~0,3,249
2,0,95~5,0,95
4,3,69~5,3,69
9,5,243~9,7,243
6,2,166~6,4,166
0,4,353~3,4,353
1,6,43~4,6,43
3,8,265~4,8,265
1,1,145~1,3,145
0,6,31~0,8,31
1,1,330~1,4,330
0,6,328~0,9,328
4,2,106~7,2,106
6,2,43~9,2,43
2,0,337~4,0,337
0,1,201~0,1,203
6,7,204~9,7,204
5,1,234~5,3,234
6,5,17~8,5,17
5,6,298~7,6,298
4,8,298~4,9,298
4,2,212~4,2,215
6,5,234~8,5,234
5,4,316~7,4,316
2,1,335~2,3,335
2,9,55~2,9,58
1,0,133~1,2,133
4,3,7~6,3,7
9,6,241~9,9,241
8,2,136~8,2,136
7,5,146~7,5,148
1,1,148~1,1,151
6,6,65~9,6,65
7,7,109~7,9,109
4,5,23~4,8,23
6,3,62~9,3,62
2,3,15~2,6,15
6,4,300~6,7,300
0,2,70~0,4,70
4,0,124~4,1,124
9,7,352~9,8,352
2,0,219~3,0,219
4,4,103~6,4,103
7,0,10~8,0,10
6,1,3~8,1,3
4,5,297~4,8,297
8,3,174~8,5,174
0,4,196~2,4,196
0,2,142~1,2,142
6,3,204~6,5,204
4,4,339~4,6,339
2,6,170~4,6,170
0,9,295~2,9,295
2,6,139~4,6,139
0,0,30~0,2,30
1,2,94~2,2,94
0,1,48~4,1,48
3,5,185~3,5,187
6,8,252~9,8,252
2,4,217~5,4,217
7,5,33~7,5,34
2,2,56~2,2,59
5,4,199~7,4,199
0,2,129~0,4,129
4,4,81~6,4,81
8,5,108~8,8,108
3,3,204~5,3,204
6,7,309~6,9,309
7,1,206~7,4,206
1,7,45~2,7,45
8,5,28~9,5,28
5,3,137~6,3,137
0,4,6~0,7,6
3,1,17~6,1,17
7,0,6~9,0,6
9,1,5~9,2,5
0,4,132~0,7,132
0,3,362~2,3,362
0,1,27~0,2,27
4,6,17~6,6,17
7,1,31~9,1,31
5,5,318~8,5,318
3,2,9~3,5,9
2,4,69~2,7,69
8,5,202~9,5,202
7,1,172~7,3,172
2,5,25~2,5,27
2,7,262~5,7,262
7,5,90~7,8,90
3,6,78~5,6,78
8,3,67~8,3,68
1,8,29~3,8,29
4,9,1~6,9,1
7,3,25~7,5,25
5,7,79~9,7,79
5,4,170~5,6,170
1,6,324~1,6,327
6,0,69~9,0,69
9,2,176~9,4,176
9,2,109~9,3,109
7,5,130~9,5,130
5,2,288~6,2,288
8,0,48~8,2,48
1,3,167~3,3,167
9,2,284~9,2,285
8,4,150~8,7,150
6,3,155~6,6,155
8,6,322~8,7,322
4,2,264~6,2,264
3,0,247~3,2,247
3,2,53~3,3,53
3,8,165~6,8,165
0,5,294~2,5,294
6,1,161~9,1,161
6,0,92~6,0,94
6,3,263~8,3,263
1,5,118~1,5,121
6,3,170~9,3,170
2,2,1~2,2,4
7,1,334~7,3,334
6,5,98~6,8,98
1,6,163~3,6,163
6,5,274~8,5,274
9,2,173~9,3,173
1,4,232~3,4,232
4,4,251~6,4,251
6,4,1~6,4,1
7,4,219~7,6,219
3,2,342~5,2,342
0,4,302~0,5,302
1,7,200~4,7,200
0,8,129~1,8,129
8,3,100~8,3,100
0,3,3~1,3,3
0,0,6~0,3,6
7,6,147~7,9,147
5,4,173~5,6,173
7,2,123~7,4,123
8,3,3~9,3,3
1,0,292~3,0,292
2,4,231~2,7,231
1,6,176~1,6,176
7,0,270~7,1,270
0,8,169~2,8,169
6,6,69~6,6,72
5,6,308~5,8,308
3,0,347~5,0,347
3,6,159~6,6,159
5,2,241~7,2,241
2,1,78~4,1,78
6,4,253~8,4,253
2,0,300~4,0,300
9,1,216~9,2,216
2,3,79~2,5,79
3,5,257~3,7,257
6,4,330~6,6,330
4,9,88~5,9,88
5,8,96~7,8,96
1,6,343~3,6,343
2,0,215~4,0,215
0,8,293~0,8,295
9,7,248~9,8,248
4,1,253~5,1,253
4,9,128~5,9,128
3,7,176~3,9,176
4,5,75~4,8,75
7,5,26~9,5,26
7,8,210~9,8,210
7,2,32~7,4,32
1,7,37~3,7,37
3,3,173~3,4,173
4,0,173~4,0,176
3,6,174~3,8,174
6,6,228~7,6,228
5,3,231~5,3,232
6,7,70~6,7,71
9,1,67~9,5,67
3,7,92~7,7,92
3,4,155~3,5,155
1,2,283~1,5,283
0,5,145~2,5,145
9,4,102~9,5,102
4,6,76~4,7,76
4,5,337~6,5,337
7,9,255~9,9,255
3,8,259~5,8,259
6,2,262~6,3,262
3,1,256~3,3,256
9,5,58~9,7,58
2,5,75~2,8,75
9,4,38~9,6,38
0,3,131~0,5,131
0,0,334~0,2,334
8,7,26~8,7,29
0,0,94~0,2,94
9,4,44~9,7,44
2,4,299~4,4,299
5,3,321~7,3,321
5,4,228~8,4,228
9,1,17~9,3,17
2,3,134~5,3,134
8,8,254~8,9,254
6,8,254~7,8,254
1,1,303~1,2,303
0,2,322~3,2,322
5,0,203~7,0,203
2,6,271~2,8,271
6,2,214~8,2,214
8,6,33~8,6,33
6,2,234~7,2,234
6,5,12~9,5,12
4,1,268~6,1,268
5,1,346~8,1,346
1,7,42~1,8,42
3,2,176~5,2,176
5,3,333~5,3,334
2,0,140~2,2,140
3,9,272~3,9,272
8,3,46~8,6,46
3,1,284~3,3,284
1,9,200~4,9,200
6,6,144~8,6,144
4,3,115~6,3,115
2,6,269~2,9,269
3,2,122~6,2,122
0,2,297~0,2,300
2,7,144~2,9,144
3,7,267~5,7,267
3,4,193~4,4,193
2,6,233~2,7,233
0,7,125~3,7,125
1,6,186~1,8,186
5,9,31~8,9,31
3,8,330~3,9,330
0,2,132~2,2,132
4,1,167~6,1,167
6,7,350~6,8,350
2,6,108~2,6,111
4,1,50~4,4,50
8,0,14~8,2,14
1,3,328~5,3,328
0,8,292~3,8,292
1,0,68~1,2,68
1,6,6~3,6,6
9,3,53~9,6,53
5,4,163~5,6,163
4,1,117~4,4,117
1,1,121~1,3,121
4,6,220~4,6,222
3,3,218~5,3,218
6,0,219~6,1,219
6,7,129~9,7,129
4,2,156~4,2,158
1,6,166~1,9,166
4,4,252~4,5,252
7,1,159~8,1,159
2,2,55~2,3,55
9,4,308~9,6,308
0,1,324~0,2,324
3,5,342~5,5,342
6,2,305~6,5,305
5,0,276~7,0,276
8,6,302~9,6,302
6,4,293~6,6,293
5,0,269~7,0,269
2,8,267~2,8,268
5,5,56~7,5,56
5,1,140~5,3,140
2,1,340~4,1,340
4,2,203~4,5,203
1,3,200~2,3,200
1,8,33~3,8,33
2,2,91~5,2,91
2,2,114~5,2,114
0,4,251~2,4,251
4,6,280~4,6,282
7,8,336~7,8,339
4,4,278~4,6,278
4,0,264~6,0,264
6,1,101~6,5,101
0,9,235~3,9,235
3,6,218~4,6,218
2,5,158~2,5,160
3,7,53~7,7,53
0,1,146~0,1,147
6,1,342~6,3,342
4,8,321~6,8,321
6,9,269~7,9,269
9,3,349~9,4,349
6,5,165~6,7,165
0,5,247~1,5,247
1,8,258~4,8,258
8,2,213~8,5,213
1,5,305~1,5,306
4,3,83~5,3,83
6,5,319~8,5,319
0,6,212~2,6,212
8,5,232~8,7,232
9,5,149~9,8,149
1,0,206~5,0,206
7,6,145~9,6,145
9,6,304~9,9,304
5,7,294~6,7,294
0,3,106~2,3,106
7,4,58~7,6,58
6,2,350~8,2,350
6,6,2~7,6,2
1,1,265~2,1,265
5,7,335~7,7,335
5,1,179~5,2,179
2,0,129~4,0,129
6,1,282~8,1,282
4,4,242~4,5,242
8,0,176~8,2,176
5,0,42~7,0,42
3,7,6~3,7,7
6,3,63~6,5,63
6,6,20~6,9,20
0,4,36~0,7,36
2,3,107~4,3,107
3,1,175~3,2,175
0,6,239~1,6,239
1,9,178~2,9,178
3,3,286~6,3,286
7,0,49~7,3,49
5,3,295~5,3,296
6,2,167~6,5,167
1,4,37~1,5,37
4,1,302~7,1,302
3,3,213~6,3,213
5,6,324~9,6,324
7,6,29~9,6,29
3,0,301~3,1,301
2,5,264~2,8,264
3,6,291~5,6,291
3,0,333~3,1,333
0,0,32~2,0,32
6,3,122~7,3,122
1,1,289~1,3,289
2,8,62~4,8,62
7,6,71~9,6,71
2,1,1~4,1,1
7,6,243~8,6,243
2,1,345~3,1,345
3,1,46~6,1,46
7,4,28~8,4,28
3,5,63~3,7,63
5,7,331~5,9,331
0,3,192~0,5,192
4,7,79~4,7,81
4,0,128~6,0,128
0,7,131~2,7,131
7,0,51~8,0,51
3,3,265~5,3,265
4,4,32~4,4,34
1,6,306~1,8,306
1,4,12~3,4,12
3,4,292~3,5,292
4,3,158~6,3,158
1,5,270~1,7,270
5,1,291~7,1,291
1,7,325~2,7,325
4,5,76~6,5,76
6,5,185~6,5,189
6,3,42~8,3,42
6,4,191~6,6,191
1,1,49~2,1,49
2,4,250~4,4,250
3,5,238~3,8,238
2,0,342~2,2,342
3,3,169~3,3,171
3,6,186~5,6,186
2,2,105~4,2,105
6,1,289~6,3,289
5,1,211~7,1,211
4,4,209~4,5,209
2,7,50~2,9,50
2,0,297~2,2,297
7,5,99~7,6,99
4,3,29~4,6,29
1,5,286~1,7,286
2,5,206~5,5,206
6,3,26~6,5,26
9,2,3~9,2,4
2,5,207~2,8,207
6,2,70~6,2,72
7,0,296~9,0,296
8,0,18~8,0,21
4,7,55~4,7,57
6,7,59~7,7,59
1,1,63~1,4,63
0,0,270~2,0,270
8,3,172~8,5,172
1,3,66~3,3,66
8,2,70~9,2,70
1,4,3~3,4,3
4,6,313~4,9,313
0,3,298~2,3,298
3,4,82~3,6,82
4,6,45~4,8,45
1,9,22~4,9,22
7,1,48~7,2,48
4,1,338~7,1,338
9,5,153~9,8,153
2,1,68~4,1,68
0,5,282~2,5,282
4,0,110~4,2,110
5,6,318~5,8,318
7,3,13~7,6,13
6,8,314~6,9,314
6,2,196~6,5,196
8,7,207~8,8,207
3,0,26~4,0,26
1,3,67~3,3,67
7,9,36~7,9,38
8,5,131~8,7,131
2,4,30~4,4,30
6,5,263~6,6,263
6,2,260~6,4,260
5,2,124~8,2,124
9,1,240~9,1,241
4,3,331~6,3,331
9,4,54~9,7,54
2,3,288~3,3,288
6,5,343~9,5,343
8,7,250~8,9,250
3,2,88~5,2,88
2,6,196~5,6,196
6,5,224~8,5,224
9,8,18~9,8,20
3,2,18~3,5,18
8,0,53~9,0,53
8,1,310~8,4,310
4,2,86~7,2,86
1,8,177~3,8,177
6,8,332~9,8,332
4,8,333~5,8,333
3,7,334~5,7,334
2,3,359~2,5,359
4,2,289~4,4,289
1,4,101~4,4,101
8,8,154~8,9,154
6,5,144~8,5,144
6,4,143~6,7,143
3,8,268~5,8,268
3,7,259~4,7,259
9,2,289~9,4,289
1,0,298~1,0,300
0,3,9~0,5,9
0,2,23~0,3,23
1,1,295~1,4,295
7,3,158~7,6,158
5,7,346~7,7,346
0,6,173~3,6,173
5,9,333~6,9,333
5,5,174~5,8,174
7,1,29~9,1,29
3,3,262~3,4,262
5,4,359~5,7,359
5,6,225~7,6,225
9,7,294~9,7,294
7,1,35~7,3,35
0,6,236~4,6,236
1,2,226~4,2,226
6,9,161~9,9,161
6,9,28~9,9,28
1,2,20~2,2,20
1,0,325~1,2,325
0,6,195~0,8,195
4,4,355~4,6,355
9,4,217~9,5,217
7,1,27~7,3,27
4,7,87~4,9,87
6,0,202~6,2,202
1,9,339~4,9,339
0,8,28~2,8,28
7,2,65~8,2,65
2,8,220~4,8,220
0,2,185~2,2,185
0,2,62~2,2,62
1,2,346~3,2,346
0,8,325~3,8,325
2,0,7~2,2,7
1,2,200~3,2,200
3,2,106~3,2,106
6,9,107~6,9,109
6,3,165~8,3,165
5,0,130~8,0,130
3,9,229~3,9,232
0,7,288~1,7,288
5,6,162~6,6,162
2,0,216~2,1,216
6,7,338~8,7,338
8,3,103~8,3,103
1,9,226~4,9,226
1,0,294~1,0,296
4,6,287~4,6,287
9,5,338~9,5,340
